255 255 255 255 255 255 255 255 255 255 255 255 255 255 255 255
255 255 255 255 255 255 255 255 255 255 255 255 255 255 255 255
255 255 255 250 240 255 247 228 255 255 255 255 253 255 255 255
255 255 255 236 223 229 199 168 212 226 252 221 228 255 249 255
255 234 251 249 167 167 109 104 150 188 151 141 167 218 225 255
255 216 183 190 158 100 105 115 108 106 109 124 90 157 230 255
255 204 147 133 105 93 85 93 98 94 78 84 96 152 224 254
240 145 122 106 68 65 78 59 70 77 80 100 100 134 201 250
218 164 75 106 92 89 81 85 95 70 80 81 99 83 117 225
236 131 94 97 86 61 71 91 103 57 78 64 71 74 101 205
229 195 159 163 71 75 48 74 93 111 120 117 146 75 80 205
255 255 237 241 194 230 186 148 92 184 149 177 169 136 224 253
255 255 255 255 255 225 197 254 233 188 227 185 193 202 242 255
255 255 255 255 255 243 240 255 255 255 255 255 255 255 255 255
255 255 255 255 255 255 255 255 255 255 255 255 255 255 255 255
255 255 255 255 255 255 255 255 255 255 255 255 255 255 255 255
